0.0000 1.0000 0.0000 1.0000 0.0000 0.0000
0.0000 0.9984 0.0004 0.9992 0.0004 0.0200
0.0000 0.9936 0.0016 0.9968 0.0016 0.0400
0.0000 0.9856 0.0036 0.9928 0.0036 0.0600
0.0000 0.9746 0.0063 0.9873 0.0064 0.0800
0.0000 0.9604 0.0099 0.9801 0.0099 0.1000
0.0000 0.9432 0.0141 0.9715 0.0142 0.1200
0.0000 0.9231 0.0191 0.9614 0.0192 0.1400
0.0000 0.9001 0.0247 0.9498 0.0250 0.1600
0.0000 0.8744 0.0310 0.9368 0.0314 0.1800
0.0000 0.8461 0.0379 0.9224 0.0384 0.2000
0.0000 0.8152 0.0453 0.9066 0.0461 0.2200
0.0000 0.7821 0.0533 0.8897 0.0544 0.2400
0.0000 0.7467 0.0617 0.8715 0.0632 0.2600
0.0000 0.7093 0.0705 0.8521 0.0725 0.2800
0.0000 0.6700 0.0796 0.8317 0.0822 0.3000
0.0000 0.6290 0.0890 0.8103 0.0924 0.3200
0.0000 0.5865 0.0987 0.7880 0.1029 0.3400
0.0001 0.5426 0.1085 0.7648 0.1138 0.3600
0.0001 0.4977 0.1185 0.7408 0.1249 0.3800
0.0001 0.4518 0.1285 0.7161 0.1362 0.4000
0.0001 0.4051 0.1384 0.6908 0.1477 0.4200
0.0002 0.3580 0.1483 0.6649 0.1593 0.4400
0.0002 0.3105 0.1581 0.6387 0.1709 0.4600
0.0003 0.2629 0.1677 0.6120 0.1826 0.4800
0.0004 0.2154 0.1770 0.5851 0.1942 0.5000
0.0005 0.1683 0.1861 0.5580 0.2057 0.5200
0.0006 0.1219 0.1947 0.5308 0.2171 0.5400
0.0007 0.0769 0.2030 0.5035 0.2283 0.5600
0.0009 0.0364 0.2109 0.4763 0.2392 0.5800
0.0010 0.0293 0.2183 0.4493 0.2499 0.6000
0.0012 0.0651 0.2252 0.4224 0.2602 0.6200
0.0015 0.1056 0.2315 0.3959 0.2702 0.6400
0.0018 0.1456 0.2373 0.3697 0.2797 0.6600
0.0021 0.1845 0.2426 0.3440 0.2888 0.6800
0.0024 0.2217 0.2472 0.3187 0.2974 0.7000
0.0028 0.2573 0.2513 0.2941 0.3054 0.7200
0.0033 0.2910 0.2548 0.2700 0.3130 0.7400
0.0038 0.3227 0.2577 0.2467 0.3199 0.7600
0.0043 0.3523 0.2601 0.2241 0.3263 0.7800
0.0049 0.3799 0.2619 0.2023 0.3320 0.8000
0.0056 0.4052 0.2633 0.1813 0.3371 0.8200
0.0063 0.4284 0.2642 0.1612 0.3416 0.8400
0.0071 0.4493 0.2646 0.1421 0.3454 0.8600
0.0080 0.4679 0.2647 0.1239 0.3485 0.8800
0.0090 0.4843 0.2645 0.1067 0.3510 0.9000
0.0100 0.4984 0.2641 0.0904 0.3527 0.9200
0.0111 0.5104 0.2635 0.0752 0.3538 0.9400
0.0123 0.5202 0.2627 0.0611 0.3543 0.9600
0.0136 0.5279 0.2619 0.0480 0.3540 0.9800
0.0149 0.5336 0.2611 0.0360 0.3531 1.0000
0.0164 0.5374 0.2604 0.0251 0.3516 1.0200
0.0179 0.5393 0.2599 0.0155 0.3494 1.0400
0.0195 0.5395 0.2595 0.0079 0.3466 1.0600
0.0212 0.5381 0.2594 0.0066 0.3432 1.0800
0.0231 0.5351 0.2595 0.0118 0.3393 1.1000
0.0249 0.5308 0.2600 0.0175 0.3348 1.1200
0.0269 0.5253 0.2608 0.0227 0.3297 1.1400
0.0290 0.5187 0.2619 0.0272 0.3241 1.1600
0.0311 0.5112 0.2633 0.0310 0.3181 1.1800
0.0334 0.5029 0.2650 0.0343 0.3116 1.2000
0.0357 0.4940 0.2669 0.0371 0.3046 1.2200
0.0380 0.4846 0.2691 0.0395 0.2973 1.2400
0.0405 0.4748 0.2713 0.0417 0.2896 1.2600
0.0430 0.4649 0.2736 0.0439 0.2815 1.2800
0.0455 0.4549 0.2760 0.0461 0.2731 1.3000
0.0481 0.4450 0.2782 0.0486 0.2644 1.3200
0.0508 0.4352 0.2803 0.0516 0.2555 1.3400
0.0535 0.4256 0.2822 0.0551 0.2463 1.3600
0.0562 0.4164 0.2838 0.0593 0.2370 1.3800
0.0589 0.4076 0.2850 0.0643 0.2275 1.4000
0.0617 0.3991 0.2858 0.0699 0.2178 1.4200
0.0644 0.3911 0.2861 0.0763 0.2080 1.4400
0.0671 0.3835 0.2858 0.0835 0.1982 1.4600
0.0698 0.3762 0.2850 0.0912 0.1883 1.4800
0.0725 0.3692 0.2835 0.0996 0.1784 1.5000
0.0752 0.3625 0.2813 0.1085 0.1685 1.5200
0.0777 0.3560 0.2784 0.1178 0.1586 1.5400
0.0803 0.3496 0.2748 0.1276 0.1489 1.5600
0.0827 0.3433 0.2705 0.1377 0.1393 1.5800
0.0851 0.3369 0.2654 0.1481 0.1299 1.6000
0.0873 0.3303 0.2595 0.1588 0.1207 1.6200
0.0895 0.3236 0.2529 0.1696 0.1118 1.6400
0.0916 0.3166 0.2455 0.1806 0.1032 1.6600
0.0935 0.3094 0.2374 0.1916 0.0952 1.6800
0.0953 0.3018 0.2286 0.2027 0.0876 1.7000
0.0969 0.2939 0.2191 0.2137 0.0807 1.7200
0.0984 0.2858 0.2090 0.2247 0.0746 1.7400
0.0997 0.2774 0.1983 0.2356 0.0694 1.7600
0.1008 0.2688 0.1871 0.2463 0.0653 1.7800
0.1018 0.2602 0.1753 0.2569 0.0624 1.8000
0.1025 0.2516 0.1631 0.2672 0.0608 1.8200
0.1031 0.2433 0.1506 0.2772 0.0604 1.8400
0.1035 0.2353 0.1377 0.2870 0.0612 1.8600
0.1037 0.2280 0.1247 0.2964 0.0630 1.8800
0.1036 0.2215 0.1115 0.3054 0.0656 1.9000
0.1034 0.2161 0.0983 0.3141 0.0687 1.9200
0.1029 0.2121 0.0852 0.3223 0.0722 1.9400
0.1022 0.2096 0.0724 0.3300 0.0760 1.9600
0.1014 0.2089 0.0602 0.3373 0.0798 1.9800
0.1003 0.2099 0.0490 0.3440 0.0835 2.0000
0.0990 0.2129 0.0396 0.3502 0.0872 2.0200
0.0975 0.2175 0.0333 0.3559 0.0906 2.0400
0.0958 0.2238 0.0316 0.3609 0.0938 2.0600
0.0940 0.2316 0.0349 0.3654 0.0966 2.0800
0.0919 0.2405 0.0416 0.3692 0.0991 2.1000
0.0897 0.2504 0.0500 0.3724 0.1012 2.1200
0.0873 0.2609 0.0590 0.3750 0.1029 2.1400
0.0848 0.2718 0.0681 0.3768 0.1041 2.1600
0.0822 0.2829 0.0769 0.3781 0.1049 2.1800
0.0794 0.2940 0.0852 0.3786 0.1052 2.2000
0.0766 0.3049 0.0929 0.3785 0.1051 2.2200
0.0737 0.3153 0.1000 0.3777 0.1044 2.2400
0.0707 0.3252 0.1063 0.3763 0.1033 2.2600
0.0677 0.3343 0.1118 0.3741 0.1017 2.2800
0.0647 0.3426 0.1164 0.3713 0.0997 2.3000
0.0617 0.3499 0.1202 0.3678 0.0972 2.3200
0.0588 0.3562 0.1232 0.3637 0.0942 2.3400
0.0559 0.3613 0.1252 0.3589 0.0909 2.3600
0.0532 0.3652 0.1264 0.3536 0.0873 2.3800
0.0506 0.3679 0.1267 0.3476 0.0833 2.4000
0.0482 0.3692 0.1261 0.3410 0.0790 2.4200
0.0459 0.3692 0.1247 0.3338 0.0746 2.4400
0.0439 0.3678 0.1225 0.3261 0.0701 2.4600
0.0421 0.3651 0.1195 0.3179 0.0656 2.4800
0.0406 0.3610 0.1158 0.3092 0.0613 2.5000
0.0394 0.3555 0.1115 0.3000 0.0574 2.5200
0.0385 0.3487 0.1066 0.2904 0.0541 2.5400
0.0378 0.3407 0.1012 0.2804 0.0517 2.5600
0.0373 0.3314 0.0954 0.2700 0.0504 2.5800
0.0370 0.3209 0.0893 0.2593 0.0504 2.6000
0.0368 0.3094 0.0832 0.2483 0.0519 2.6200
0.0368 0.2969 0.0773 0.2370 0.0547 2.6400
0.0368 0.2835 0.0717 0.2255 0.0587 2.6600
0.0368 0.2693 0.0669 0.2138 0.0637 2.6800
0.0368 0.2545 0.0632 0.2020 0.0695 2.7000
0.0367 0.2393 0.0609 0.1900 0.0759 2.7200
0.0365 0.2238 0.0605 0.1780 0.0826 2.7400
0.0362 0.2083 0.0620 0.1659 0.0896 2.7600
0.0357 0.1932 0.0652 0.1538 0.0968 2.7800
0.0350 0.1787 0.0700 0.1418 0.1039 2.8000
0.0340 0.1653 0.0760 0.1299 0.1111 2.8200
0.0329 0.1535 0.0829 0.1181 0.1181 2.8400
0.0315 0.1439 0.0903 0.1065 0.1250 2.8600
0.0299 0.1372 0.0981 0.0951 0.1316 2.8800
0.0281 0.1339 0.1059 0.0839 0.1379 2.9000
0.0260 0.1341 0.1137 0.0731 0.1440 2.9200
0.0237 0.1380 0.1213 0.0626 0.1497 2.9400
0.0213 0.1450 0.1286 0.0526 0.1550 2.9600
0.0187 0.1546 0.1356 0.0432 0.1600 2.9800
0.0162 0.1663 0.1420 0.0347 0.1645 3.0000
0.0138 0.1794 0.1480 0.0274 0.1686 3.0200
0.0121 0.1934 0.1533 0.0222 0.1722 3.0400
0.0115 0.2080 0.1580 0.0203 0.1754 3.0600
0.0126 0.2228 0.1620 0.0219 0.1781 3.0800
0.0152 0.2376 0.1653 0.0261 0.1804 3.1000
0.0188 0.2522 0.1679 0.0315 0.1822 3.1200
0.0232 0.2665 0.1698 0.0373 0.1835 3.1400
0.0280 0.2803 0.1708 0.0431 0.1845 3.1600
0.0333 0.2936 0.1711 0.0488 0.1850 3.1800
0.0388 0.3062 0.1707 0.0542 0.1852 3.2000
0.0445 0.3182 0.1695 0.0592 0.1850 3.2200
0.0505 0.3294 0.1675 0.0639 0.1844 3.2400
0.0567 0.3399 0.1648 0.0682 0.1836 3.2600
0.0630 0.3497 0.1614 0.0721 0.1826 3.2800
0.0694 0.3587 0.1573 0.0755 0.1813 3.3000
0.0759 0.3670 0.1526 0.0786 0.1800 3.3200
0.0826 0.3745 0.1473 0.0812 0.1785 3.3400
0.0892 0.3814 0.1414 0.0835 0.1770 3.3600
0.0960 0.3875 0.1349 0.0853 0.1756 3.3800
0.1027 0.3929 0.1281 0.0868 0.1742 3.4000
0.1095 0.3977 0.1208 0.0879 0.1730 3.4200
0.1163 0.4018 0.1131 0.0887 0.1720 3.4400
0.1230 0.4054 0.1051 0.0892 0.1713 3.4600
0.1298 0.4084 0.0970 0.0894 0.1708 3.4800
0.1364 0.4108 0.0886 0.0893 0.1707 3.5000
0.1430 0.4127 0.0802 0.0889 0.1710 3.5200
0.1496 0.4142 0.0718 0.0884 0.1717 3.5400
0.1560 0.4151 0.0635 0.0876 0.1727 3.5600
0.1623 0.4156 0.0554 0.0868 0.1742 3.5800
0.1685 0.4155 0.0477 0.0858 0.1760 3.6000
0.1746 0.4151 0.0406 0.0848 0.1782 3.6200
0.1806 0.4141 0.0343 0.0838 0.1807 3.6400
0.1864 0.4127 0.0293 0.0829 0.1835 3.6600
0.1920 0.4109 0.0261 0.0821 0.1865 3.6800
0.1975 0.4085 0.0250 0.0815 0.1897 3.7000
0.2028 0.4056 0.0259 0.0812 0.1931 3.7200
0.2080 0.4022 0.0284 0.0813 0.1966 3.7400
0.2129 0.3982 0.0317 0.0818 0.2001 3.7600
0.2177 0.3936 0.0354 0.0828 0.2035 3.7800
0.2223 0.3885 0.0390 0.0843 0.2070 3.8000
0.2266 0.3827 0.0423 0.0864 0.2103 3.8200
0.2308 0.3762 0.0452 0.0890 0.2136 3.8400
0.2348 0.3691 0.0476 0.0923 0.2166 3.8600
0.2386 0.3614 0.0494 0.0962 0.2195 3.8800
0.2421 0.3529 0.0507 0.1006 0.2221 3.9000
0.2454 0.3437 0.0512 0.1056 0.2245 3.9200
0.2486 0.3339 0.0512 0.1111 0.2266 3.9400
0.2515 0.3234 0.0505 0.1170 0.2285 3.9600
0.2541 0.3121 0.0491 0.1234 0.2301 3.9800
0.2566 0.3003 0.0471 0.1301 0.2314 4.0000
0.2588 0.2878 0.0446 0.1372 0.2325 4.0200
0.2608 0.2748 0.0416 0.1446 0.2332 4.0400
0.2626 0.2614 0.0381 0.1522 0.2337 4.0600
0.2641 0.2475 0.0345 0.1600 0.2339 4.0800
0.2654 0.2333 0.0310 0.1680 0.2339 4.1000
0.2665 0.2189 0.0280 0.1761 0.2336 4.1200
0.2673 0.2046 0.0262 0.1843 0.2332 4.1400
0.2679 0.1904 0.0264 0.1926 0.2325 4.1600
0.2683 0.1767 0.0288 0.2009 0.2317 4.1800
0.2684 0.1637 0.0334 0.2091 0.2307 4.2000
0.2683 0.1519 0.0396 0.2173 0.2297 4.2200
0.2679 0.1417 0.0470 0.2255 0.2285 4.2400
0.2673 0.1337 0.0553 0.2335 0.2272 4.2600
0.2664 0.1282 0.0642 0.2413 0.2259 4.2800
0.2653 0.1257 0.0736 0.2490 0.2246 4.3000
0.2640 0.1265 0.0833 0.2565 0.2233 4.3200
0.2624 0.1302 0.0933 0.2638 0.2219 4.3400
0.2606 0.1367 0.1033 0.2708 0.2206 4.3600
0.2585 0.1453 0.1135 0.2775 0.2192 4.3800
0.2563 0.1556 0.1236 0.2839 0.2179 4.4000
0.2538 0.1670 0.1337 0.2900 0.2167 4.4200
0.2511 0.1791 0.1437 0.2957 0.2154 4.4400
0.2482 0.1916 0.1535 0.3011 0.2141 4.4600
0.2452 0.2040 0.1630 0.3061 0.2128 4.4800
0.2419 0.2162 0.1723 0.3107 0.2115 4.5000
0.2385 0.2280 0.1813 0.3149 0.2102 4.5200
0.2350 0.2392 0.1900 0.3186 0.2088 4.5400
0.2313 0.2497 0.1982 0.3219 0.2073 4.5600
0.2275 0.2593 0.2061 0.3248 0.2057 4.5800
0.2236 0.2679 0.2135 0.3272 0.2039 4.6000
0.2197 0.2755 0.2204 0.3292 0.2019 4.6200
0.2158 0.2819 0.2268 0.3307 0.1998 4.6400
0.2118 0.2872 0.2328 0.3318 0.1974 4.6600
0.2079 0.2913 0.2382 0.3325 0.1947 4.6800
0.2041 0.2941 0.2431 0.3327 0.1918 4.7000
0.2004 0.2956 0.2474 0.3325 0.1885 4.7200
0.1968 0.2958 0.2512 0.3319 0.1849 4.7400
0.1935 0.2947 0.2545 0.3308 0.1810 4.7600
0.1903 0.2923 0.2573 0.3294 0.1766 4.7800
0.1875 0.2886 0.2596 0.3276 0.1719 4.8000
0.1850 0.2835 0.2614 0.3255 0.1668 4.8200
0.1828 0.2773 0.2627 0.3230 0.1612 4.8400
0.1811 0.2698 0.2636 0.3202 0.1552 4.8600
0.1797 0.2611 0.2640 0.3171 0.1488 4.8800
0.1789 0.2513 0.2641 0.3137 0.1420 4.9000
0.1786 0.2404 0.2638 0.3101 0.1348 4.9200
0.1787 0.2285 0.2631 0.3063 0.1271 4.9400
0.1794 0.2156 0.2622 0.3023 0.1190 4.9600
0.1805 0.2019 0.2610 0.2981 0.1106 4.9800
0.1822 0.1874 0.2595 0.2937 0.1018 5.0000
0.1843 0.1723 0.2579 0.2893 0.0927 5.0200
0.1869 0.1565 0.2561 0.2848 0.0833 5.0400
0.1898 0.1402 0.2541 0.2802 0.0736 5.0600
0.1932 0.1235 0.2521 0.2755 0.0638 5.0800
0.1968 0.1065 0.2499 0.2709 0.0539 5.1000
0.2007 0.0893 0.2478 0.2662 0.0441 5.1200
0.2048 0.0721 0.2455 0.2616 0.0348 5.1400
0.2091 0.0551 0.2433 0.2570 0.0268 5.1600
0.2135 0.0385 0.2410 0.2525 0.0219 5.1800
0.2180 0.0233 0.2387 0.2481 0.0225 5.2000
0.2224 0.0144 0.2365 0.2438 0.0283 5.2200
0.2268 0.0210 0.2342 0.2396 0.0371 5.2400
0.2312 0.0346 0.2320 0.2355 0.0472 5.2600
0.2354 0.0493 0.2297 0.2315 0.0579 5.2800
0.2394 0.0639 0.2274 0.2276 0.0688 5.3000
0.2432 0.0780 0.2252 0.2239 0.0799 5.3200
0.2467 0.0914 0.2229 0.2203 0.0909 5.3400
0.2500 0.1040 0.2205 0.2169 0.1018 5.3600
0.2529 0.1158 0.2181 0.2135 0.1126 5.3800
0.2554 0.1266 0.2157 0.2103 0.1231 5.4000
0.2576 0.1364 0.2131 0.2072 0.1333 5.4200
0.2593 0.1453 0.2105 0.2042 0.1433 5.4400
0.2605 0.1530 0.2078 0.2013 0.1529 5.4600
0.2613 0.1597 0.2049 0.1985 0.1621 5.4800
0.2616 0.1653 0.2019 0.1957 0.1709 5.5000
0.2613 0.1698 0.1988 0.1931 0.1792 5.5200
0.2605 0.1733 0.1956 0.1905 0.1870 5.5400
0.2591 0.1757 0.1923 0.1880 0.1943 5.5600
0.2571 0.1771 0.1888 0.1855 0.2011 5.5800
0.2546 0.1775 0.1852 0.1831 0.2073 5.6000
0.2514 0.1770 0.1815 0.1807 0.2129 5.6200
0.2476 0.1757 0.1777 0.1784 0.2180 5.6400
0.2432 0.1736 0.1738 0.1761 0.2224 5.6600
0.2382 0.1710 0.1699 0.1738 0.2261 5.6800
0.2326 0.1679 0.1658 0.1716 0.2293 5.7000
0.2264 0.1645 0.1618 0.1695 0.2318 5.7200
0.2196 0.1610 0.1577 0.1673 0.2336 5.7400
0.2122 0.1575 0.1536 0.1653 0.2349 5.7600
0.2042 0.1543 0.1495 0.1633 0.2354 5.7800
0.1957 0.1516 0.1454 0.1613 0.2354 5.8000
0.1867 0.1496 0.1413 0.1594 0.2347 5.8200
0.1771 0.1485 0.1373 0.1575 0.2335 5.8400
0.1672 0.1485 0.1333 0.1557 0.2317 5.8600
0.1568 0.1497 0.1294 0.1540 0.2293 5.8800
0.1461 0.1521 0.1255 0.1523 0.2265 5.9000
0.1351 0.1558 0.1217 0.1507 0.2231 5.9200
0.1239 0.1607 0.1179 0.1491 0.2193 5.9400
0.1127 0.1666 0.1141 0.1476 0.2152 5.9600
0.1017 0.1733 0.1104 0.1462 0.2107 5.9800
0.0910 0.1807 0.1067 0.1447 0.2059 6.0000
0.0811 0.1887 0.1030 0.1433 0.2009 6.0200
0.0724 0.1968 0.0993 0.1419 0.1958 6.0400
0.0657 0.2051 0.0956 0.1405 0.1907 6.0600
0.0619 0.2133 0.0918 0.1391 0.1855 6.0800
0.0615 0.2213 0.0880 0.1377 0.1805 6.1000
0.0647 0.2289 0.0842 0.1362 0.1757 6.1200
0.0711 0.2360 0.0803 0.1346 0.1712 6.1400
0.0800 0.2424 0.0764 0.1329 0.1671 6.1600
0.0905 0.2481 0.0726 0.1311 0.1635 6.1800
0.1022 0.2530 0.0688 0.1292 0.1605 6.2000
0.1146 0.2569 0.0651 0.1272 0.1582 6.2200
0.1274 0.2598 0.0617 0.1249 0.1566 6.2400
0.1404 0.2617 0.0587 0.1225 0.1558 6.2600
0.1534 0.2624 0.0562 0.1198 0.1557 6.2800
0.1664 0.2620 0.0544 0.1169 0.1564 6.3000
0.1793 0.2604 0.0535 0.1138 0.1579 6.3200
0.1919 0.2576 0.0536 0.1104 0.1600 6.3400
0.2041 0.2535 0.0549 0.1068 0.1628 6.3600
0.2160 0.2483 0.0574 0.1028 0.1660 6.3800
0.2274 0.2418 0.0609 0.0986 0.1697 6.4000
0.2383 0.2341 0.0655 0.0940 0.1737 6.4200
0.2487 0.2253 0.0709 0.0892 0.1779 6.4400
0.2586 0.2153 0.0770 0.0841 0.1822 6.4600
0.2677 0.2043 0.0837 0.0787 0.1866 6.4800
0.2763 0.1923 0.0908 0.0731 0.1909 6.5000
0.2841 0.1793 0.0982 0.0673 0.1950 6.5200
0.2913 0.1656 0.1059 0.0613 0.1990 6.5400
0.2977 0.1512 0.1138 0.0553 0.2026 6.5600
0.3033 0.1363 0.1217 0.0494 0.2059 6.5800
0.3082 0.1212 0.1296 0.0438 0.2088 6.6000
0.3123 0.1063 0.1374 0.0388 0.2113 6.6200
0.3156 0.0921 0.1452 0.0351 0.2133 6.6400
0.3180 0.0796 0.1527 0.0331 0.2148 6.6600
0.3197 0.0702 0.1600 0.0336 0.2157 6.6800
0.3205 0.0657 0.1671 0.0365 0.2161 6.7000
0.3205 0.0675 0.1738 0.0416 0.2159 6.7200
0.3198 0.0753 0.1801 0.0483 0.2151 6.7400
0.3182 0.0876 0.1860 0.0560 0.2137 6.7600
0.3158 0.1028 0.1915 0.0646 0.2118 6.7800
0.3127 0.1198 0.1964 0.0736 0.2092 6.8000
0.3088 0.1377 0.2009 0.0831 0.2061 6.8200
0.3041 0.1562 0.2048 0.0928 0.2024 6.8400
0.2987 0.1748 0.2081 0.1027 0.1982 6.8600
0.2927 0.1933 0.2108 0.1126 0.1935 6.8800
0.2860 0.2115 0.2129 0.1226 0.1883 6.9000
0.2786 0.2293 0.2144 0.1326 0.1827 6.9200
0.2706 0.2466 0.2152 0.1425 0.1766 6.9400
0.2621 0.2632 0.2153 0.1523 0.1702 6.9600
0.2530 0.2790 0.2149 0.1619 0.1635 6.9800
0.2435 0.2940 0.2137 0.1712 0.1566 7.0000
0.2334 0.3082 0.2119 0.1803 0.1495 7.0200
0.2230 0.3213 0.2094 0.1891 0.1424 7.0400
0.2122 0.3334 0.2063 0.1975 0.1352 7.0600
0.2010 0.3444 0.2026 0.2055 0.1282 7.0800
0.1896 0.3544 0.1983 0.2131 0.1214 7.1000
0.1780 0.3631 0.1935 0.2202 0.1150 7.1200
0.1662 0.3707 0.1881 0.2268 0.1091 7.1400
0.1543 0.3771 0.1822 0.2328 0.1038 7.1600
0.1424 0.3823 0.1758 0.2383 0.0994 7.1800
0.1306 0.3862 0.1690 0.2431 0.0958 7.2000
0.1190 0.3890 0.1619 0.2473 0.0934 7.2200
0.1078 0.3905 0.1545 0.2508 0.0920 7.2400
0.0971 0.3909 0.1468 0.2536 0.0918 7.2600
0.0872 0.3901 0.1390 0.2556 0.0926 7.2800
0.0785 0.3881 0.1311 0.2570 0.0944 7.3000
0.0714 0.3851 0.1233 0.2576 0.0970 7.3200
0.0664 0.3810 0.1157 0.2574 0.1002 7.3400
0.0640 0.3758 0.1083 0.2564 0.1040 7.3600
0.0645 0.3697 0.1015 0.2546 0.1080 7.3800
0.0676 0.3627 0.0953 0.2520 0.1122 7.4000
0.0731 0.3548 0.0901 0.2486 0.1164 7.4200
0.0803 0.3462 0.0859 0.2445 0.1206 7.4400
0.0887 0.3368 0.0831 0.2395 0.1245 7.4600
0.0979 0.3267 0.0817 0.2338 0.1281 7.4800
0.1076 0.3161 0.0818 0.2273 0.1314 7.5000
0.1176 0.3050 0.0834 0.2200 0.1343 7.5200
0.1276 0.2934 0.0864 0.2120 0.1367 7.5400
0.1377 0.2815 0.0905 0.2034 0.1387 7.5600
0.1477 0.2692 0.0955 0.1940 0.1400 7.5800
0.1576 0.2568 0.1011 0.1840 0.1408 7.6000
0.1672 0.2442 0.1073 0.1733 0.1410 7.6200
0.1765 0.2316 0.1138 0.1621 0.1407 7.6400
0.1855 0.2190 0.1205 0.1504 0.1397 7.6600
0.1941 0.2065 0.1272 0.1382 0.1381 7.6800
0.2024 0.1942 0.1338 0.1255 0.1359 7.7000
0.2102 0.1821 0.1403 0.1125 0.1331 7.7200
0.2176 0.1703 0.1466 0.0991 0.1298 7.7400
0.2245 0.1588 0.1527 0.0856 0.1259 7.7600
0.2309 0.1478 0.1585 0.0719 0.1216 7.7800
0.2367 0.1372 0.1639 0.0584 0.1167 7.8000
0.2420 0.1271 0.1690 0.0454 0.1115 7.8200
0.2467 0.1176 0.1738 0.0338 0.1059 7.8400
0.2508 0.1087 0.1781 0.0258 0.1001 7.8600
0.2543 0.1004 0.1820 0.0253 0.0941 7.8800
0.2571 0.0928 0.1855 0.0327 0.0882 7.9000
0.2593 0.0859 0.1886 0.0441 0.0823 7.9200
0.2608 0.0797 0.1913 0.0571 0.0769 7.9400
0.2616 0.0741 0.1935 0.0706 0.0721 7.9600
0.2617 0.0694 0.1953 0.0844 0.0683 7.9800
0.2611 0.0653 0.1967 0.0981 0.0658 8.0000
0.2597 0.0621 0.1977 0.1116 0.0649 8.0200
0.2577 0.0595 0.1982 0.1249 0.0657 8.0400
0.2549 0.0577 0.1984 0.1379 0.0684 8.0600
0.2513 0.0567 0.1981 0.1504 0.0728 8.0800
0.2471 0.0563 0.1975 0.1626 0.0786 8.1000
0.2421 0.0567 0.1965 0.1742 0.0856 8.1200
0.2364 0.0578 0.1951 0.1854 0.0934 8.1400
0.2301 0.0596 0.1933 0.1960 0.1019 8.1600
0.2231 0.0620 0.1912 0.2061 0.1109 8.1800
0.2154 0.0650 0.1887 0.2155 0.1202 8.2000
0.2073 0.0685 0.1859 0.2244 0.1297 8.2200
0.1986 0.0725 0.1828 0.2326 0.1393 8.2400
0.1894 0.0769 0.1793 0.2402 0.1489 8.2600
0.1799 0.0818 0.1756 0.2472 0.1584 8.2800
0.1701 0.0869 0.1715 0.2535 0.1678 8.3000
0.1602 0.0924 0.1672 0.2592 0.1770 8.3200
0.1503 0.0980 0.1626 0.2643 0.1859 8.3400
0.1406 0.1038 0.1578 0.2688 0.1946 8.3600
0.1314 0.1098 0.1528 0.2726 0.2029 8.3800
0.1230 0.1158 0.1476 0.2759 0.2110 8.4000
0.1158 0.1217 0.1422 0.2786 0.2186 8.4200
0.1102 0.1277 0.1368 0.2808 0.2259 8.4400
0.1067 0.1335 0.1313 0.2825 0.2327 8.4600
0.1055 0.1391 0.1257 0.2837 0.2391 8.4800
0.1068 0.1446 0.1203 0.2845 0.2451 8.5000
0.1107 0.1498 0.1150 0.2848 0.2506 8.5200
0.1169 0.1547 0.1100 0.2848 0.2557 8.5400
0.1251 0.1592 0.1053 0.2845 0.2603 8.5600
0.1349 0.1634 0.1011 0.2840 0.2644 8.5800
0.1459 0.1672 0.0976 0.2832 0.2681 8.6000
0.1577 0.1706 0.0948 0.2822 0.2713 8.6200
0.1701 0.1734 0.0930 0.2811 0.2741 8.6400
0.1829 0.1758 0.0921 0.2800 0.2763 8.6600
0.1958 0.1776 0.0924 0.2788 0.2782 8.6800
0.2086 0.1790 0.0938 0.2776 0.2795 8.7000
0.2214 0.1797 0.0964 0.2765 0.2805 8.7200
0.2338 0.1800 0.0999 0.2754 0.2810 8.7400
0.2458 0.1796 0.1044 0.2746 0.2811 8.7600
0.2573 0.1787 0.1097 0.2738 0.2808 8.7800
0.2683 0.1772 0.1156 0.2733 0.2801 8.8000
0.2786 0.1752 0.1220 0.2731 0.2791 8.8200
0.2882 0.1726 0.1289 0.2731 0.2776 8.8400
0.2971 0.1695 0.1360 0.2733 0.2759 8.8600
0.3051 0.1658 0.1432 0.2739 0.2738 8.8800
0.3122 0.1617 0.1506 0.2747 0.2714 8.9000
0.3184 0.1571 0.1579 0.2759 0.2686 8.9200
0.3237 0.1520 0.1652 0.2773 0.2656 8.9400
0.3280 0.1464 0.1723 0.2791 0.2623 8.9600
0.3313 0.1405 0.1792 0.2811 0.2588 8.9800
0.3336 0.1342 0.1857 0.2834 0.2550 9.0000
0.3349 0.1275 0.1920 0.2860 0.2509 9.0200
0.3351 0.1206 0.1979 0.2888 0.2466 9.0400
0.3344 0.1133 0.2033 0.2918 0.2422 9.0600
0.3327 0.1058 0.2082 0.2950 0.2375 9.0800
0.3300 0.0981 0.2127 0.2985 0.2326 9.1000
0.3264 0.0903 0.2166 0.3021 0.2276 9.1200
0.3220 0.0822 0.2199 0.3059 0.2224 9.1400
0.3167 0.0741 0.2227 0.3098 0.2170 9.1600
0.3107 0.0659 0.2248 0.3139 0.2115 9.1800
0.3040 0.0576 0.2262 0.3180 0.2059 9.2000
0.2967 0.0494 0.2270 0.3222 0.2002 9.2200
0.2890 0.0411 0.2271 0.3265 0.1943 9.2400
0.2809 0.0329 0.2265 0.3309 0.1884 9.2600
0.2727 0.0247 0.2252 0.3353 0.1824 9.2800
0.2644 0.0167 0.2233 0.3397 0.1764 9.3000
0.2562 0.0090 0.2206 0.3441 0.1703 9.3200
0.2485 0.0031 0.2171 0.3484 0.1642 9.3400
0.2412 0.0079 0.2130 0.3527 0.1580 9.3600
0.2348 0.0152 0.2082 0.3570 0.1519 9.3800
0.2295 0.0226 0.2028 0.3611 0.1458 9.4000
0.2254 0.0299 0.1966 0.3651 0.1398 9.4200
0.2227 0.0370 0.1898 0.3690 0.1338 9.4400
0.2217 0.0441 0.1824 0.3728 0.1280 9.4600
0.2225 0.0509 0.1743 0.3763 0.1223 9.4800
0.2250 0.0577 0.1657 0.3797 0.1167 9.5000
0.2294 0.0642 0.1566 0.3828 0.1114 9.5200
0.2353 0.0707 0.1470 0.3856 0.1063 9.5400
0.2428 0.0770 0.1369 0.3882 0.1014 9.5600
0.2517 0.0832 0.1265 0.3904 0.0969 9.5800
0.2617 0.0893 0.1157 0.3923 0.0927 9.6000
0.2726 0.0953 0.1048 0.3939 0.0890 9.6200
0.2843 0.1012 0.0939 0.3951 0.0856 9.6400
0.2965 0.1069 0.0832 0.3959 0.0827 9.6600
0.3090 0.1126 0.0730 0.3962 0.0804 9.6800
0.3217 0.1182 0.0639 0.3962 0.0785 9.7000
0.3345 0.1237 0.0568 0.3957 0.0772 9.7200
0.3471 0.1291 0.0526 0.3947 0.0765 9.7400
0.3594 0.1344 0.0525 0.3933 0.0763 9.7600
0.3714 0.1396 0.0566 0.3914 0.0766 9.7800
0.3830 0.1447 0.0642 0.3890 0.0774 9.8000
0.3940 0.1497 0.0745 0.3861 0.0786 9.8200
0.4044 0.1545 0.0865 0.3828 0.0803 9.8400
0.4141 0.1592 0.0997 0.3789 0.0823 9.8600
0.4231 0.1637 0.1136 0.3746 0.0847 9.8800
0.4313 0.1680 0.1282 0.3698 0.0874 9.9000
0.4387 0.1721 0.1431 0.3646 0.0903 9.9200
0.4452 0.1760 0.1582 0.3589 0.0934 9.9400
0.4508 0.1796 0.1735 0.3528 0.0967 9.9600
0.4555 0.1830 0.1889 0.3462 0.1003 9.9800
0.4592 0.1861 0.2043 0.3393 0.1040 10.0000
